7.795271158218384
67.00757193565369
42.672643423080444
49.78619885444641
14.624127388000488
8.737423419952393
21.172350883483887
21.264806985855103
19.38805890083313
15.277491331100464
48.34776973724365
56.44678544998169
12.633273363113403
78.57043409347534
78.8093147277832
32.944204807281494
57.27267384529114
32.7290301322937
99.2546455860138
14.089314460754395
24.621126174926758
8.616642475128174
4.86000919342041
20.569075107574463
70.7701416015625
66.49438667297363
46.349361419677734
67.50690484046936
34.81695079803467
90.99235415458679
30.859292030334473
77.12781643867493
25.103519916534424
51.424585580825806
14.413020849227905
15.592873334884644
78.31457567214966
5.930152416229248
18.50553560256958
23.085367918014526
5.05844521522522
101.25457286834717
51.03770613670349
18.998630046844482
16.253533601760864
53.36968183517456
73.50884532928467
79.4611222743988
5.883828639984131
8.88027048110962
54.83022999763489
91.53297352790833
106.89203834533691
34.34029459953308
49.886107206344604
2.742311954498291
16.689809322357178
97.76663494110107
95.65443897247314
105.06511616706848
25.90605068206787
76.60211896896362
98.61678218841553
30.281352043151855
15.753015518188477
22.157063484191895
5.1065380573272705
34.559836626052856
106.54170608520508
17.87920641899109
43.05122971534729
94.21914291381836
69.62043571472168
40.938679933547974
11.178542375564575
72.3405876159668
35.395066022872925
30.877104997634888
42.96344709396362
17.222313404083252
14.784057378768921
20.600101232528687
10.059406280517578
23.192439556121826
42.53484535217285
91.03051805496216
25.251819372177124
33.055209159851074
